특성,천명 단위의 사람 수
2050,241
2030,103
2015,45
