특성,10억 유로 단위의 수입
2020,1714.3
2019,1932.0
2018,1977.5
2017,1856.9
2016,1712.56
2015,1730.32
2014,1692.89
2013,1687.7
2012,1798.76
2011,1729.98
2010,1531.52
